0
41
0
41
4
41
4
41
41
41
8
41
4
41
4
41
40
41
8
41
4
41
4
41
40
41
8
41
4
41
4
41
40
41
8
41
4
41
4
41
8
41
8
41
12
41
12
41
8
41
16
41
12
41
12
41
8
41
16
41
12
41
12
41
8
41
16
41
12
41
12
41
8
41
16
41
12
41
12
41
16
41
16
41
20
41
20
41
16
41
24
41
20
41
20
41
16
41
24
41
20
41
20
41
16
41
24
41
20
41
20
41
16
41
24
41
20
41
20
41
24
41
24
41
28
41
28
41
24
41
32
41
28
41
28
41
24
41
32
41
28
41
28
41
24
41
32
41
28
41
28
41
24
41
32
41
28
41
28
41
32
41
32
41
36
41
36
41
32
41
41
41
36
41
36
41
32
41
41
41
36
41
36
41
32
41
41
41
36
41
36
41
32
41
41
41
36
41
36
41
